image: mit_lab.png
resolution: 0.050000
origin: [12.916, 16.27829, 0.000000]
negate: 0
occupied_thresh: 0.65
free_thresh: 0.196

