image: tsmc_b1p2.png
resolution: 0.05
origin: [-146.12500915527343, -107.67500457763671, 0.0000]
negate: 0
occupied_thresh: 0.65
free_thresh: 0.196
