image: tsmc_5f.png
resolution: 0.05
origin: [58.425000762939455, 68.82499847412109, 0.0000]
negate: 0
occupied_thresh: 0.65
free_thresh: 0.196
